    0.043776220   0.085264586   0.405162708
    0.085778463   0.043265598   0.910936058
    0.002728839   0.002328764   0.404560221
    0.002841972   0.002216669   0.911533637
    0.167994267   0.084055647   0.402323324
    0.210717963   0.043109036   0.906778605
    0.127235728   0.001644049   0.402331990
    0.127733786   0.001790009   0.908779566
    0.293464905   0.083637211   0.401212566
    0.335684211   0.043109458   0.906777070
    0.252254737   0.001217530   0.401410788
    0.252412881   0.001532140   0.906281876
    0.419356361   0.084057920   0.402320569
    0.460784478   0.043265247   0.910931280
    0.377701000   0.001643045   0.402333370
    0.377350790   0.001789731   0.908776208
    0.544783780   0.085264654   0.405160148
    0.585970188   0.043867004   0.912958970
    0.502896329   0.002330509   0.404560406
    0.502671467   0.002217999   0.911527388
    0.669918235   0.085841097   0.408058624
    0.711303722   0.044473565   0.914153600
    0.628215247   0.002756391   0.407323688
    0.627866007   0.002904986   0.913727158
    0.794554151   0.085814758   0.409590809
    0.836465324   0.044473051   0.914158109
    0.753154827   0.003015434   0.409821451
    0.753314060   0.003332456   0.914639626
    0.919219284   0.085840901   0.408064475
    0.961193388   0.043865670   0.912965952
    0.877836845   0.002754865   0.407326234
    0.878335623   0.002904242   0.913734964
    0.043623070   0.210209582   0.409323464
    0.084571297   0.167484881   0.913751373
    0.002303756   0.127221707   0.407328192
    0.002156317   0.126724600   0.913734766
    0.167173946   0.208912073   0.407868208
    0.209420425   0.166660912   0.908222631
    0.126357255   0.126064595   0.403775162
    0.126576771   0.125843840   0.912314645
    0.291636780   0.206362064   0.409941516
    0.335759738   0.168226760   0.895356750
    0.250917152   0.124654415   0.402201843
    0.251998498   0.126163955   0.903903305
    0.418019342   0.206362683   0.409942268
    0.460536263   0.166662791   0.908219715
    0.377031437   0.124656326   0.402201944
    0.377460330   0.126166020   0.903901562
    0.545036296   0.208913700   0.407866882
    0.586212100   0.167485482   0.913744900
    0.503003599   0.126064575   0.403772797
    0.502567059   0.125845709   0.912311007
    0.669883612   0.210210103   0.409321436
    0.711303925   0.168595001   0.914152531
    0.628215651   0.127222694   0.407324862
    0.627866719   0.126725279   0.913728073
    0.794554556   0.210505580   0.409590423
    0.836118926   0.168941917   0.913995709
    0.752917243   0.127340995   0.409330982
    0.752909194   0.127337739   0.913998462
    0.919246150   0.210505949   0.409592679
    0.960586442   0.168594493   0.914157938
    0.877718120   0.127342133   0.409334193
    0.877724195   0.127338717   0.914003085
    0.043622573   0.335177839   0.409322691
    0.084152297   0.292958655   0.914849217
    0.002043954   0.251904209   0.409824419
    0.001729500   0.251747557   0.914643237
    0.168739215   0.335252588   0.420733719
    0.206873107   0.291129232   0.906136705
    0.126679033   0.251490981   0.412190255
    0.125170609   0.250409496   0.913868168
    0.289815131   0.329853619   0.457987208
    0.330365870   0.289307991   0.858106146
    0.249875043   0.249270760   0.417596181
    0.249781881   0.249365556   0.898490243
    0.411949645   0.320600266   0.497932451
    0.462236891   0.289307244   0.858106119
    0.374134025   0.244973209   0.420534065
    0.376986772   0.250678902   0.867763467
    0.543339059   0.329859913   0.457987532
    0.587552787   0.291130854   0.906131641
    0.502692285   0.249273455   0.417596327
    0.502881649   0.249366590   0.898486074
    0.669812790   0.335255100   0.420733313
    0.712104183   0.292958464   0.914843596
    0.628109456   0.251492346   0.412191024
    0.628539825   0.250411399   0.913861013
    0.794851763   0.335178570   0.409323097
    0.836465039   0.293755738   0.914157373
    0.753155479   0.251904189   0.409823082
    0.753313992   0.251747283   0.914638789
    0.919218851   0.335142882   0.408063436
    0.960586790   0.293755695   0.914160170
    0.877717828   0.252141081   0.409334388
    0.877722988   0.252150316   0.914003651
    0.043777349   0.460277058   0.405164655
    0.084571552   0.418850344   0.913752414
    0.002302013   0.376844599   0.407328150
    0.002157332   0.377196364   0.913735374
    0.167175691   0.460029159   0.407869279
    0.206876277   0.417513056   0.906133955
    0.126680053   0.376952882   0.412191074
    0.125171562   0.376527422   0.913866752
    0.289816861   0.461732607   0.457984226
    0.321116070   0.411440585   0.818161377
    0.251187594   0.376478308   0.448329808
    0.245480214   0.373624814   0.895548946
    0.364602304   0.352658656   0.554866180
    0.353173480   0.364095702   0.761238559
    0.593625197   0.411440859   0.818159426
    0.491353887   0.352658496   0.554870104
    0.514221502   0.364098002   0.761230982
    0.675212940   0.461734542   0.457986581
    0.713936735   0.417515644   0.906132069
    0.628588516   0.376482827   0.448332072
    0.631439793   0.373629347   0.895540396
    0.796149350   0.460027452   0.407866053
    0.837575749   0.418849964   0.913749625
    0.753571997   0.376955633   0.412191633
    0.754653479   0.376525154   0.913863753
    0.919796449   0.460276585   0.405162577
    0.961194541   0.419092066   0.912964824
    0.877837781   0.376843768   0.407327568
    0.878335232   0.377194897   0.913734192
    0.044379409   0.585461726   0.403109980
    0.085778065   0.544277219   0.910934827
    0.002729806   0.502162866   0.404561636
    0.002843370   0.502389149   0.911531655
    0.167997693   0.585703990   0.402327325
    0.209425047   0.544527245   0.908223077
    0.126358140   0.502057627   0.403777605
    0.126579080   0.502497843   0.912315359
    0.291639320   0.587043754   0.409945069
    0.330364674   0.542827297   0.858103729
    0.249879080   0.502371848   0.417601816
    0.249785145   0.502184024   0.898485762
    0.411948533   0.593114528   0.497941136
    0.364600350   0.513714350   0.554873783
    0.353174231   0.490851308   0.761231843
    0.684467484   0.593117278   0.497938987
    0.715760494   0.542829461   0.858097901
    0.652411804   0.513716866   0.554872381
    0.640973419   0.490848921   0.761231601
    0.798700609   0.587045301   0.409941658
    0.838399104   0.544529793   0.908217400
    0.755793549   0.502377388   0.417596331
    0.755697790   0.502183827   0.898484492
    0.921001455   0.585703655   0.402319646
    0.961796473   0.544276713   0.910933109
    0.878996394   0.502057615   0.403773101
    0.879215530   0.502496110   0.912312143
    0.044984954   0.710797065   0.401892854
    0.086352802   0.669410108   0.908044476
    0.003417104   0.627357762   0.402330723
    0.003269353   0.627707337   0.908775219
    0.169106063   0.710796258   0.401896907
    0.210720527   0.669374281   0.906781776
    0.127237195   0.627356796   0.402336297
    0.127734840   0.627707538   0.908778701
    0.293467800   0.711593035   0.401213465
    0.335761549   0.669301909   0.895358301
    0.250919756   0.628026065   0.402205281
    0.252002512   0.627600419   0.903904989
    0.418017382   0.713422777   0.409943770
    0.462241167   0.674702477   0.858102786
    0.374130726   0.630931429   0.420535502
    0.376987975   0.628077081   0.867761663
    0.543330878   0.715246722   0.457992084
    0.593627141   0.683951227   0.818154871
    0.491354183   0.640466028   0.554878589
    0.514219658   0.651894527   0.761225830
    0.675216096   0.715251343   0.457987964
    0.715761232   0.674702625   0.858102656
    0.652412458   0.640467354   0.554878864
    0.640977210   0.651898347   0.761222788
    0.798700982   0.713425803   0.409943055
    0.836836810   0.669302911   0.895352227
    0.760096802   0.630933804   0.420538385
    0.754388394   0.628078837   0.867757641
    0.921420804   0.711594109   0.401210599
    0.961948055   0.669374981   0.906775439
    0.880403665   0.628029915   0.402198024
    0.878892666   0.627601009   0.903897912
    0.044984766   0.835956602   0.401894758
    0.086325963   0.794048172   0.906516838
    0.003842748   0.752805484   0.401408529
    0.003526769   0.752647823   0.906279772
    0.169451891   0.835610187   0.402050933
    0.211016270   0.794048556   0.906516554
    0.127848128   0.752402919   0.402046163
    0.127854186   0.752413025   0.906775593
    0.294264454   0.835956068   0.401896653
    0.335688161   0.794342198   0.906779563
    0.252255880   0.752805180   0.401411471
    0.252415077   0.752647530   0.906283210
    0.419356496   0.837064102   0.402321690
    0.460535198   0.795639097   0.908224043
    0.377034206   0.754142157   0.402201670
    0.377462249   0.753061302   0.903903654
    0.545033308   0.837887616   0.407866443
    0.587555363   0.798192437   0.906137539
    0.502690553   0.755183933   0.417597662
    0.502878984   0.755278871   0.898487861
    0.669812531   0.836324784   0.420731092
    0.713936891   0.798190490   0.906134387
    0.628589378   0.753877832   0.448332313
    0.631445685   0.759587617   0.895545358
    0.796149610   0.837887312   0.407865119
    0.838399550   0.795639029   0.908222350
    0.755792217   0.755185841   0.417599764
    0.755700703   0.755282374   0.898485758
    0.921002425   0.837065559   0.402322959
    0.961949668   0.794342267   0.906779460
    0.880404391   0.754143642   0.402200400
    0.878893505   0.753060273   0.903902319
    0.044377809   0.960681121   0.403109959
    0.086352456   0.918709447   0.908049240
    0.003416275   0.877825562   0.402332547
    0.003269848   0.877328066   0.908782115
    0.169105184   0.960075684   0.401896430
    0.211014735   0.918736567   0.906518490
    0.127848621   0.877214438   0.402047263
    0.127853637   0.877210042   0.906779362
    0.294262860   0.960074818   0.401898030
    0.335650197   0.918708282   0.908045583
    0.252658490   0.877213992   0.402049093
    0.252650346   0.877209373   0.906777296
    0.419596712   0.960681057   0.403110432
    0.460784341   0.919283680   0.910931186
    0.377702349   0.877824341   0.402332606
    0.377352696   0.877327290   0.908777183
    0.544783392   0.961283103   0.405160545
    0.586212821   0.920491762   0.913746726
    0.503003979   0.878703682   0.403772755
    0.502564020   0.878483921   0.912312050
    0.669881567   0.961438056   0.409319083
    0.712103157   0.920909248   0.914848417
    0.628109303   0.878382518   0.412190323
    0.628537442   0.879892726   0.913867336
    0.794850785   0.961436263   0.409320588
    0.837576511   0.920490228   0.913751158
    0.753569880   0.878380932   0.412189226
    0.754653086   0.879890578   0.913867585
    0.919795413   0.961282016   0.405161283
    0.961794846   0.919283223   0.910936907
    0.878995923   0.878704085   0.403772239
    0.879216279   0.878483774   0.912315950

