   85
  0.0000  0.0000  0.0000  0.00048828125   (Gamma)
  0.5000  0.5000  0.0000  0.00146484375   (X)
  0.5000  0.5000  0.5000  0.001953125     (L)
  0.5000  0.7500  0.2500  0.0029296875    (W)
  0.3750  0.3750  0.7500  0.005859375     (K = U)
  0.0625  0.0625  0.0000  0.0029296875    (Delta)
  0.1250  0.1250  0.0000  0.0029296875    (Delta)
  0.1875  0.1875  0.0000  0.0029296875    (Delta)
  0.2500  0.2500  0.0000  0.0029296875    (Delta)
  0.3125  0.3125  0.0000  0.0029296875    (Delta)
  0.3750  0.3750  0.0000  0.0029296875    (Delta)
  0.4375  0.4375  0.0000  0.0029296875    (Delta)
  0.1250  0.1250  0.1250  0.00390625      (Lambda)
  0.2500  0.2500  0.2500  0.00390625      (Lambda)
  0.3750  0.3750  0.3750  0.00390625      (Lambda)
  0.0625  0.0625  0.1250  0.005859375     (Sigma)
  0.1250  0.1250  0.2500  0.005859375     (Sigma)
  0.1875  0.1875  0.3750  0.005859375     (Sigma)
  0.2500  0.2500  0.5000  0.005859375     (Sigma)
  0.3125  0.3125  0.6250  0.005859375     (Sigma)
  0.4375  0.4375 -0.1250  0.005859375     (S)
  0.5000  0.0625 -0.4375  0.005859375     (Z)
  0.5000  0.1250 -0.3750  0.005859375     (Z)
  0.5000  0.1875 -0.3125  0.005859375     (Z)
  0.5625  0.5000  0.4375  0.01171875      (Q)
  0.6250  0.5000  0.3750  0.01171875      (Q)
  0.6875  0.5000  0.3125  0.01171875      (Q)
  0.4375  0.4375 -0.3750  0.01171875      (K -> L Line)
 -0.0625 -0.4375 -0.5000  0.01171875
  0.1250  0.0625  0.1875  0.01171875
 -0.1250 -0.3750 -0.5000  0.01171875
 -0.1250 -0.4375 -0.5625  0.01171875
  0.1875  0.0625  0.2500  0.01171875
  0.1875  0.1250  0.3125  0.01171875
  0.1875  0.1875  0.1250  0.01171875
 -0.1875 -0.3125 -0.5000  0.01171875
 -0.1875 -0.3750 -0.5625  0.01171875
 -0.1875 -0.4375 -0.6250  0.01171875
  0.2500  0.0625  0.3125  0.01171875
  0.2500  0.1250  0.3750  0.01171875
  0.2500  0.1875  0.1875  0.01171875
  0.2500  0.1875  0.4375  0.01171875
  0.2500  0.2500  0.1250  0.01171875
 -0.2500 -0.3125 -0.5625  0.01171875
 -0.2500 -0.3750 -0.6250  0.01171875
 -0.2500 -0.4375 -0.6875  0.01171875
 -0.2500 -0.5625 -0.5625  0.01171875
  0.3125  0.0625  0.3750  0.01171875
  0.3125  0.1250  0.4375  0.01171875
  0.3125  0.3125  0.1250  0.01171875
  0.3125  0.3125  0.2500  0.01171875
 -0.3125 -0.3750 -0.6875  0.01171875
 -0.3125 -0.4375 -0.7500  0.01171875
  0.3750  0.0625  0.4375  0.01171875
  0.3750  0.2500  0.2500  0.01171875
  0.3750  0.3125  0.3125  0.01171875
  0.3750  0.3750  0.1250  0.01171875
  0.3750  0.3750  0.2500  0.01171875
 -0.3750 -0.4375  0.1875  0.01171875
  0.4375  0.4375  0.1250  0.01171875
  0.4375  0.4375  0.2500  0.01171875
  0.4375  0.4375  0.3750  0.01171875
  0.5000  0.3125  0.3125  0.01171875
  0.5000  0.3750  0.3750  0.01171875
  0.5000  0.4375  0.4375  0.01171875
  0.5000  0.5000  0.1250  0.01171875
  0.5000  0.5000  0.2500  0.01171875
  0.5000  0.5000  0.3750  0.01171875
  0.6250  0.3750  0.3750  0.01171875   
  0.3125  0.2500  0.1875  0.0234375
 -0.3125 -0.5625 -0.6250  0.0234375
  0.3750  0.3125  0.1875  0.0234375
  0.4375  0.3125  0.2500  0.0234375
  0.4375  0.3750  0.1875  0.0234375
  0.4375  0.3750  0.3125  0.0234375
  0.5000  0.3750  0.2500  0.0234375
  0.5000  0.4375  0.1875  0.0234375
  0.5000  0.4375  0.3125  0.0234375
  0.5625  0.3750  0.3125  0.0234375
  0.5625  0.4375  0.2500  0.0234375
  0.5625  0.4375  0.3750  0.0234375
  0.5625  0.5000  0.1875  0.0234375
  0.5625  0.5000  0.3125  0.0234375
  0.6250  0.4375  0.3125  0.0234375
  0.6250  0.5000  0.2500  0.0234375
