 fcc  6.80             78.608000    0.256797277    0.038518611    0.004624940
 fcc  6.90             82.127250    0.242276268    0.024020018    0.003607059
 fcc  7.00             85.750000    0.228826554    0.012851841    0.002567833
 fcc  7.10             89.477750    0.216099374    0.005144880    0.001585545
 fcc  7.20             93.312000    0.203907640    0.000802042    0.000703127
 fcc  7.30             97.254250    0.192381931   -0.000433135   -0.000048809
 fcc  7.40            101.306000    0.181915501    0.001011535   -0.000625782
 fcc  7.50            105.468750    0.172358630    0.004490358   -0.001055989
 fcc  7.60            109.744000    0.163145676    0.009793201   -0.001410457
 bcc  5.30             74.438500    0.260259224    0.075705141    0.006146868
 bcc  5.40             78.732000    0.242412877    0.051649155    0.004989744
 bcc  5.50             83.187500    0.225463671    0.032543604    0.003583378
 bcc  5.60             87.808000    0.209785142    0.019214376    0.002215440
 bcc  5.70             92.596500    0.195912039    0.011547488    0.001040896
 bcc  5.80             97.556000    0.184151847    0.008633127    0.000166792
 bcc  5.90            102.689500    0.173251125    0.009740659   -0.000557775
 bcc  6.00            108.000000    0.163646043    0.014154297   -0.001067757
 bcc  6.10            113.490500    0.155520444    0.020906271   -0.001364898
