55
.0000    .0000    .0000    .0009765625  (Gamma)
.5000    .5000   -.5000    .0009765625  (H)
.2500    .2500    .2500    .001953125   (P)
.0625    .0625    .0625    .0078125     (Lamda)
.1250    .1250    .1250    .0078125     (Lamda)
.1875    .1875    .1875    .0078125     (Lamda)
.3125    .3125    .0625    .0078125     (F)
.3750    .3750   -.1250    .0078125     (F)
.4375    .4375   -.3125    .0078125     (F)
.0625    .0625   -.0625    .005859375   (Delta)
.1250    .1250   -.1250    .005859375   (Delta)
.1875    .1875   -.1875    .005859375   (Delta)
.2500    .2500   -.2500    .005859375   (Delta)
.3125    .3125   -.3125    .005859375   (Delta)
.3750    .3750   -.3750    .005859375   (Delta)
.4375    .4375   -.4375    .005859375   (Delta)
.0000    .0000    .5000    .005859375   (N)
.0000    .0000    .1250    .01171875    (Sigma)
.0000    .0000    .2500    .01171875    (Sigma)
.0000    .0000    .3750    .01171875    (Sigma)
-.5625    .0625    .0625    .01171875    (D)
-.6250    .1250    .1250    .01171875    (D)
-.6875    .1875    .1875    .01171875    (D)
-.5000    .5000   -.1250    .01171875    (G)
-.5000    .5000   -.2500    .01171875    (G)
-.5000    .5000   -.3750    .01171875    (G)
.1250    .1250    .0000    .0234375
.1875    .1875   -.0625    .0234375
.2500    .2500   -.1250    .0234375
.3125    .3125   -.1875    .0234375
.3750    .3750   -.2500    .0234375
.1875    .0625    .0625    .0234375
.2500    .1250    .0000    .046875
.3125    .1875   -.0625    .046875
.3750    .2500   -.1250    .046875
.4375    .3125   -.1875    .0234375
-.4375    .4375   -.3125    .0234375
.0625   -.0625    .1875    .0234375
.3125    .0625    .0625    .0234375
.3750    .1250    .0000    .046875
-.5625    .1875   -.0625    .0234375
-.3750    .3750   -.2500    .0234375
.1250   -.1250    .2500    .0234375
-.3125    .3125   -.1875    .0234375
.1875    .1875    .0625    .0234375
.2500    .2500    .0000    .0234375
.3125    .3125   -.0625    .0234375
.2500    .1250    .1250    .0234375
.3125    .1875    .0625    .046875
-.6250    .2500    .0000    .0234375
-.4375    .4375   -.1875    .0234375
.0625   -.0625    .3125    .0234375
-.3750    .3750   -.1250    .0234375
.2500    .2500    .1250    .0234375
-.4375    .4375   -.0625    .0234375
