static Version  1.33
 mode=           9
  temp. broad. (ryd):   2.0000000000000000E-003  eigenvalue cutoff =   0.50000000000000000     
 Non-Orthogonal Basis Functions
 Spin-restricted calculation
 Using S(l,lp,R) -> delta(l,lp) for like atoms

Cutoff parameters: 
    1  10.50000   0.50000
         1    0.1599019056E+01
         2   -0.1027899728E+00
         3   -0.1626046401E+01
         4   -0.1788848261E+03
         5    0.4516113420E+04
         6    0.5426191783E+00
         7    0.2734540628E+01
         8   -0.6713970988E+02
         9    0.4385288315E+03
        10    0.1000000000E+02
        11    0.0000000000E+00
        12    0.0000000000E+00
        13    0.0000000000E+00
        14    0.1000000000E+02
        15    0.0000000000E+00
        16    0.0000000000E+00
        17    0.0000000000E+00
        18    0.7408374497E+02
        19   -0.1832256976E+02
        20   -0.1252530072E+02
        21    0.1411005218E+01
        22   -0.7917295577E+01
        23    0.3616351024E+01
        24    0.1041671571E+01
        25    0.1168789084E+01
        26   -0.5701693390E+01
        27    0.1045089482E+01
        28    0.1506273150E+01
        29    0.1136274401E+01
        30    0.2491041116E+02
        31   -0.5060365253E+01
        32   -0.3684438686E+01
        33    0.1365489193E+01
        34    0.0000000000E+00
        35    0.0000000000E+00
        36    0.0000000000E+00
        37    0.1077247183E+01
        38    0.0000000000E+00
        39    0.0000000000E+00
        40    0.0000000000E+00
        41    0.9031118376E+00
        42    0.0000000000E+00
        43    0.0000000000E+00
        44    0.0000000000E+00
        45    0.1345187299E+01
        46    0.0000000000E+00
        47    0.0000000000E+00
        48    0.0000000000E+00
        49    0.1339884127E+01
        50    0.0000000000E+00
        51    0.0000000000E+00
        52    0.0000000000E+00
        53    0.1539777880E+01
        54    0.0000000000E+00
        55    0.0000000000E+00
        56    0.0000000000E+00
        57    0.6578616741E+00
        58    0.1812514988E+00
        59    0.1560104869E+01
        60   -0.3087516587E+00
        61    0.1137005646E+01
        62    0.1852506425E+01
        63   -0.2501837744E+01
        64    0.1785407230E+00
        65    0.1129003446E+01
        66   -0.1296669131E+01
        67    0.2827066002E+00
        68   -0.2223423555E-01
        69    0.7617769069E+00
        70    0.7409240692E+00
        71   -0.7310263856E-01
        72    0.1669407720E-01
        73    0.1021482463E+01
        74    0.0000000000E+00
        75    0.0000000000E+00
        76    0.0000000000E+00
        77    0.1549374497E+01
        78    0.0000000000E+00
        79    0.0000000000E+00
        80    0.0000000000E+00
        81    0.1097520211E+01
        82    0.0000000000E+00
        83    0.0000000000E+00
        84    0.0000000000E+00
        85    0.1246140086E+01
        86    0.0000000000E+00
        87    0.0000000000E+00
        88    0.0000000000E+00
        89    0.1145098439E+01
        90    0.0000000000E+00
        91    0.0000000000E+00
        92    0.0000000000E+00
        93    0.1715669701E+01
        94    0.0000000000E+00
        95    0.0000000000E+00
        96    0.0000000000E+00
        97    0.1740138488E+01
-------------------------------

structure     1

BCC P80 -- Band Structure                                             

   0.0000000000000000       electrons above nominal charge

Lattice type     2
bcc lattice
 a =     14.70207

Elastic strain field     0
          24  atoms in the calculation
      1 KINDS          24 TOTAL ATOMS
     PRIMITIVE LATTICE VECTOR NO. 1 -7.351035  7.351035  7.351035
     PRIMITIVE LATTICE VECTOR NO. 2  7.351035 -7.351035  7.351035
     PRIMITIVE LATTICE VECTOR NO. 3  7.351035  7.351035 -7.351035
     DISPLACEMENT INDICES  4  4  4
      4 BASIS FUNCTIONS ON ATOM KIND 1
 Volume=   1588.9324401053968     
 ******************************************************************************************
   KIND               COORDINATES                AFTER RESCALING
